image_width: 640
image_height: 480
camera_name: narrow_stereo
camera_matrix:
  rows: 3
  cols: 3
  data: [496.85263,   0.     , 309.42404,
           0.     , 495.39341, 252.27674,
           0.     ,   0.     ,   1.     ]
distortion_model: plumb_bob
distortion_coefficients:
  rows: 1
  cols: 5
  data: [0.152710, -0.268055, -0.003067, -0.001565, 0.000000]
rectification_matrix:
  rows: 3
  cols: 3
  data: [1., 0., 0.,
         0., 1., 0.,
         0., 0., 1.]
projection_matrix:
  rows: 3
  cols: 4
  data: [505.7083 ,   0.     , 307.93304,   0.     ,
           0.     , 506.67802, 251.19828,   0.     ,
           0.     ,   0.     ,   1.     ,   0.     ]
