image_width: 640
image_height: 480
camera_name: narrow_stereo
camera_matrix:
  rows: 3
  cols: 3
  data: [941.69483,   0.     , 323.25261,
           0.     , 943.97306, 147.12263,
           0.     ,   0.     ,   1.     ]
distortion_model: plumb_bob
distortion_coefficients:
  rows: 1
  cols: 5
  data: [-0.439601, 0.401905, 0.004392, 0.000858, 0.000000]
rectification_matrix:
  rows: 3
  cols: 3
  data: [1., 0., 0.,
         0., 1., 0.,
         0., 0., 1.]
projection_matrix:
  rows: 3
  cols: 4
  data: [894.92916,   0.     , 323.96537,   0.     ,
           0.     , 908.88717, 143.49126,   0.     ,
           0.     ,   0.     ,   1.     ,   0.     ]
