image_width: 320
image_height: 240
camera_name: narrow_stereo
camera_matrix:
  rows: 3
  cols: 3
  data: [424.42709,   0.     , 133.5402 ,
           0.     , 426.29496, 103.74827,
           0.     ,   0.     ,   1.     ]
distortion_model: plumb_bob
distortion_coefficients:
  rows: 1
  cols: 5
  data: [-0.355783, -0.251072, 0.009294, 0.009692, 0.000000]
rectification_matrix:
  rows: 3
  cols: 3
  data: [1., 0., 0.,
         0., 1., 0.,
         0., 0., 1.]
projection_matrix:
  rows: 3
  cols: 4
  data: [395.67017,   0.     , 131.29201,   0.     ,
           0.     , 412.79319, 103.66355,   0.     ,
           0.     ,   0.     ,   1.     ,   0.     ]
