image_width: 320
image_height: 240
camera_name: narrow_stereo
camera_matrix:
  rows: 3
  cols: 3
  data: [456.09113,   0.     , 174.80489,
           0.     , 456.54866, 117.63796,
           0.     ,   0.     ,   1.     ]
distortion_model: plumb_bob
distortion_coefficients:
  rows: 1
  cols: 5
  data: [-0.481767, 0.410774, -0.002907, 0.003848, 0.000000]
rectification_matrix:
  rows: 3
  cols: 3
  data: [1., 0., 0.,
         0., 1., 0.,
         0., 0., 1.]
projection_matrix:
  rows: 3
  cols: 4
  data: [428.03713,   0.     , 177.44703,   0.     ,
           0.     , 440.99422, 117.19638,   0.     ,
           0.     ,   0.     ,   1.     ,   0.     ]
